3.768983410790794242e+00
3.738761860616065302e+00
3.708900915917666907e+00
3.679394871076909102e+00
3.650238132799123125e+00
3.621425217471492264e+00
3.592950748593045418e+00
3.564809454274665335e+00
3.536996164806859966e+00
3.509505810293259920e+00
3.482333418347788090e+00
3.455474111853571895e+00
3.428923106781700092e+00
3.402675710068018500e+00
3.376727317546182938e+00
3.351073411935305391e+00
3.325709560880520943e+00
3.300631415044916750e+00
3.275834706251268713e+00
3.251315245672112830e+00
3.227068922066735457e+00
3.203091700063676939e+00
3.179379618487406578e+00
3.155928788727918821e+00
3.132735393151924175e+00
3.109795683554512191e+00
3.087105979650025755e+00
3.064662667601103951e+00
3.042462198584702904e+00
3.020501087394121154e+00
2.998775911075949097e+00
2.977283307600944173e+00
2.956019974567923203e+00
2.934982667939669554e+00
2.914168200810010934e+00
2.893573442201152979e+00
2.873195315890456403e+00
2.853030799265803275e+00
2.833076922208790815e+00
2.813330766004960903e+00
2.793789462280320990e+00
2.774450191963451662e+00
2.755310184272488971e+00
2.736366715726277210e+00
2.717617109179099266e+00
2.699058732878266920e+00
2.680688999544019957e+00
2.662505365471091512e+00
2.644505329651374304e+00
2.626686432917124225e+00
2.609046257104152389e+00
2.591582424234463833e+00
2.574292595717852183e+00
2.557174471571920460e+00
2.540225789660071065e+00
2.523444324946967576e+00
2.506827888771033574e+00
2.490374328133540871e+00
2.474081525003832827e+00
2.457947395640308397e+00
2.441969889926710824e+00
2.426146990723375030e+00
2.410476713233012269e+00
2.394957104380682988e+00
2.379586242207587077e+00
2.364362235278323787e+00
2.349283222101277158e+00
2.334347370561812074e+00
2.319552877367916377e+00
2.304897967508044321e+00
2.290380893720776800e+00
2.275999935976081190e+00
2.261753400967826622e+00
2.247639621617294026e+00
2.233656956587426912e+00
2.219803789807527572e+00
2.206078530008167338e+00
2.192479610266047541e+00
2.179005487558574483e+00
2.165654642327910384e+00
2.152425578054268929e+00
2.139316820838235600e+00
2.126326918991896520e+00
2.113454442638553754e+00
2.100697983320839235e+00
2.088056153617003474e+00
2.075527586765213872e+00
2.063110936295642794e+00
2.050804875670180660e+00
2.038608097929587970e+00
2.026519315347909966e+00
2.014537259093985622e+00
2.002660678899886637e+00
1.990888342736116812e+00
1.979219036493427231e+00
1.967651563671082293e+00
1.956184745071436692e+00
1.944817418500668360e+00
1.933548438475536146e+00
1.922376675936011914e+00
1.911301017963671800e+00
1.900320367505687225e+00
1.889433643104322602e+00
1.878639778631782331e+00
1.867937723030307806e+00
1.857326440057399886e+00
1.846804908036048687e+00
1.836372119609858355e+00
1.826027081502971994e+00
1.815768814284658417e+00
1.805596352138492566e+00
1.795508742636009680e+00
1.785505046514724636e+00
1.775584337460449857e+00
1.765745701893782327e+00
1.755988238760699760e+00
1.746311059327150694e+00
1.736713286977572546e+00
1.727194057017232387e+00
1.717752516478329383e+00
1.708387823929752303e+00
1.699099149290438815e+00
1.689885673646237096e+00
1.680746589070216457e+00
1.671681098446327285e+00
1.662688415296364575e+00
1.653767763610146435e+00
1.644918377678848520e+00
1.636139501931428653e+00
1.627430390774061930e+00
1.618790308432546787e+00
1.610218528797600746e+00
1.601714335272989675e+00
1.593277020626437279e+00
1.584905886843248846e+00
1.576600244982598431e+00
1.568359415036425508e+00
1.560182725790877578e+00
1.552069514690260332e+00
1.544019127703427641e+00
1.536030919192581168e+00
1.528104251784407897e+00
1.520238496243526471e+00
1.512433031348185297e+00
1.504687243768169758e+00
1.497000527944873927e+00
1.489372285973492582e+00
1.481801927487288895e+00
1.474288869543901148e+00
1.466832536513639651e+00
1.459432359969746074e+00
1.452087778580562372e+00
1.444798238003580870e+00
1.437563190781331102e+00
1.430382096239077416e+00
1.423254420384280738e+00
1.416179635807793158e+00
1.409157221586756714e+00
1.402186663189165072e+00
1.395267452380057227e+00
1.388399087129317255e+00
1.381581071521045478e+00
1.374812915664463286e+00
1.368094135606335415e+00
1.361424253244866822e+00
1.354802796245059726e+00
1.348229297955490846e+00
1.341703297326482414e+00
1.335224338829653412e+00
1.328791972378805974e+00
1.322405753252133609e+00
1.316065242015728609e+00
1.309770004448349789e+00
1.303519611467440775e+00
1.297313639056368428e+00
1.291151668192862090e+00
1.285033284778626772e+00
1.278958079570109430e+00
1.272925648110402985e+00
1.266935590662255029e+00
1.260987512142172084e+00
1.255081022055595019e+00
1.249215734433120950e+00
1.243391267767758546e+00
1.237607244953198071e+00
1.231863293223070643e+00
1.226159044091187367e+00
1.220494133292733041e+00
1.214868200726399339e+00
1.209280890397445019e+00
1.203731850361658084e+00
1.198220732670210786e+00
1.192747193315385257e+00
1.187310892177160015e+00
1.181911492970636024e+00
1.176548663194293631e+00
1.171222074079057762e+00
1.165931400538163798e+00
1.160676321117806387e+00
1.155456517948556527e+00
1.150271676697540046e+00
1.145121486521347265e+00
1.140005640019688071e+00
1.134923833189745990e+00
1.129875765381252561e+00
1.124861139252239628e+00
1.119879660725483062e+00
1.114931038945601749e+00
1.110014986236822709e+00
1.105131218061385256e+00
1.100279452978580430e+00
1.095459412604411042e+00
1.090670821571863902e+00
1.085913407491783556e+00
1.081186900914337112e+00
1.076491035291053944e+00
1.071825546937446916e+00
1.067190174996180740e+00
1.062584661400802988e+00
1.058008750840007783e+00
1.053462190722440628e+00
1.048944731142016362e+00
1.044456124843761824e+00
1.039996127190156994e+00
1.035564496127975298e+00
1.031160992155617295e+00
1.026785378290916873e+00
1.022437420039426836e+00
1.018116885363165025e+00
1.013823544649820274e+00
1.009557170682406912e+00
1.005317538609358241e+00
1.001104425915059215e+00
9.969176123908022324e-01
9.927568801061662507e-01
9.886220133808070187e-01
9.845127987566555383e-01
9.804290249705146509e-01
9.763704829270489771e-01
9.723369656721655430e-01
9.683282683667669977e-01
9.643441882608895233e-01
9.603845246681970149e-01
9.564490789408498506e-01
9.525376544447194949e-01
9.486500565349605951e-01
9.447860925319250258e-01
9.409455716974163275e-01
9.371283052112764356e-01
9.333341061483038104e-01
9.295627894554919779e-01
9.258141719295899241e-01
9.220880721949703540e-01
9.183843106818105895e-01
9.147027096045745598e-01
9.110430929407958844e-01
9.074052864101490590e-01
9.037891174538148498e-01
9.001944152141295730e-01
8.966210105145098197e-01
8.930687358396632858e-01
8.895374253160552858e-01
8.860269146926570416e-01
8.825370413219487675e-01
8.790676441411846564e-01
8.756185636539108863e-01
8.721896419117357580e-01
8.687807224963457475e-01
8.653916505017672511e-01
8.620222725168621425e-01
8.586724366080673576e-01
8.553419923023579674e-01
8.520307905704461726e-01
8.487386838101985687e-01
8.454655258302801180e-01
8.422111718340163922e-01
8.389754784034653134e-01
8.357583034837060554e-01
8.325595063673366658e-01
8.293789476791690873e-01
8.262164893611395611e-01
8.230719946574039936e-01
8.199453280996402693e-01
8.168363554925390790e-01
8.137449438994827089e-01
8.106709616284194508e-01
8.076142782179129842e-01
8.045747644233796070e-01
8.015522922035049902e-01
7.985467347068311295e-01
7.955579662585271494e-01
7.925858623473228670e-01
7.896302996126134399e-01
7.866911558317363218e-01
7.837683099074000959e-01
7.808616418552875027e-01
7.779710327918085699e-01
7.750963649220158347e-01
7.722375215276705562e-01
7.693943869554622506e-01
7.665668466053808805e-01
7.637547869192329308e-01
7.609580953693044769e-01
7.581766604471700255e-01
7.554103716526388013e-01
7.526591194828458065e-01
7.499227954214745528e-01
7.472012919281194598e-01
7.444945024277810353e-01
7.418023213004895089e-01
7.391246438710655786e-01
7.364613663989989512e-01
7.338123860684617750e-01
7.311776009784427544e-01
7.285569101330020558e-01
7.259502134316510036e-01
7.233574116598474602e-01
7.207784064796104451e-01
7.182131004202511049e-01
7.156613968692139283e-01
7.131232000630360890e-01
7.105984150784134812e-01
7.080869478233778880e-01
7.055887050285821749e-01
7.031035942386899551e-01
7.006315238038729465e-01
6.981724028714110242e-01
6.957261413773907499e-01
6.932926500385105939e-01
6.908718403439790823e-01
6.884636245475170835e-01
6.860679156594494676e-01
6.836846274388992395e-01
6.813136743860694899e-01
6.789549717346207158e-01
6.766084354441411763e-01
6.742739821927019594e-01
6.719515293695058622e-01
6.696409950676230904e-01
6.673422980768092261e-01
6.650553578764151208e-01
6.627800946283747274e-01
6.605164291702794177e-01
6.582642830085341235e-01
6.560235783115910824e-01
6.537942379032675166e-01
6.515761852561386958e-01
6.493693444850091590e-01
6.471736403404628746e-01
6.449889982024836765e-01
6.428153440741561919e-01
6.406526045754360466e-01
6.385007069369935673e-01
6.363595789941305370e-01
6.342291491807642290e-01
6.321093465234854936e-01
6.300001006356813482e-01
6.279013417117279561e-01
6.258130005212504399e-01
6.237350084034454234e-01
6.216672972614758486e-01
6.196097995569217476e-01
6.175624483042994051e-01
6.155251770656445798e-01
6.134979199451510157e-01
6.114806115838776757e-01
6.094731871545105983e-01
6.074755823561872603e-01
6.054877334093786700e-01
6.035095770508288604e-01
6.015410505285521126e-01
5.995820915968866904e-01
5.976326385116040862e-01
5.956926300250738882e-01
5.937620053814817167e-01
5.918407043121010069e-01
5.899286670306198577e-01
5.880258342285165085e-01
5.861321470704893288e-01
5.842475471899364337e-01
5.823719766844855927e-01
5.805053781115747658e-01
5.786476944840787118e-01
5.767988692659893335e-01
5.749588463681377659e-01
5.731275701439683123e-01
5.713049853853553461e-01
5.694910373184691732e-01
5.676856715996870806e-01
5.658888343115450192e-01
5.641004719587398020e-01
5.623205314641708252e-01
5.605489601650256448e-01
5.587857058089106266e-01
5.570307165500187896e-01
5.552839409453449449e-01
5.535453279509379154e-01
5.518148269181948340e-01
5.500923875901960747e-01
5.483779600980771551e-01
5.466714949574436044e-01
5.449729430648211359e-01
5.432822556941457881e-01
5.415993844932904810e-01
5.399242814806308743e-01
5.382568990416445320e-01
5.365971899255507216e-01
5.349451072419809661e-01
5.333006044576907856e-01
5.316636353933020809e-01
5.300341542200800449e-01
5.284121154567487100e-01
5.267974739663342509e-01
5.251901849530473676e-01
5.235902039591926460e-01
5.219974868621154451e-01
5.204119898711804248e-01
5.188336695247759423e-01
5.172624826873599702e-01
5.156983865465264438e-01
5.141413386101105765e-01
5.125912967033197098e-01
5.110482189658946961e-01
5.095120638493032539e-01
5.079827901139587487e-01
5.064603568264713918e-01
5.049447233569267501e-01
5.034358493761896813e-01
5.019336948532415743e-01
5.004382200525397950e-01
4.989493855314074411e-01
4.974671521374495198e-01
4.959914810059941059e-01
4.945223335575614776e-01
4.930596714953597304e-01
4.916034568028025409e-01
4.901536517410562399e-01
4.887102188466097008e-01
4.872731209288703735e-01
4.858423210677827453e-01
4.844177826114725582e-01
4.829994691739156742e-01
4.815873446326271456e-01
4.801813731263783191e-01
4.787815190529334797e-01
4.773877470668093648e-01
4.760000220770612134e-01
4.746183092450846908e-01
4.732425739824461242e-01
4.718727819487300024e-01
4.705088990494105672e-01
4.691508914337439995e-01
4.677987254926803673e-01
4.664523678567988885e-01
4.651117853942617342e-01
4.637769452087883715e-01
4.624478146376517218e-01
4.611243612496909727e-01
4.598065528433482041e-01
4.584943574447207792e-01
4.571877433056343309e-01
4.558866789017360643e-01
4.545911329306036031e-01
4.533010743098765949e-01
4.520164721754026393e-01
4.507372958794039763e-01
4.494635149886614944e-01
4.481950992827153923e-01
4.469320187520860466e-01
4.456742435965085902e-01
4.444217442231872539e-01
4.431744912450672480e-01
4.419324554791204118e-01
4.406956079446498475e-01
4.394639198616105413e-01
4.382373626489463048e-01
4.370159079229420929e-01
4.357995274955921428e-01
4.345881933729855429e-01
4.333818777537048472e-01
4.321805530272417872e-01
4.309841917724283045e-01
4.297927667558804066e-01
4.286062509304601198e-01
4.274246174337496540e-01
4.262478395865404446e-01
4.250758908913385148e-01
4.239087450308807736e-01
4.227463758666692439e-01
4.215887574375152824e-01
4.204358639581006751e-01
4.192876698175508898e-01
4.181441495780215956e-01
4.170052779733001147e-01
4.158710299074174221e-01
4.147413804532754655e-01
4.136163048512875307e-01
4.124957785080282102e-01
4.113797769949005811e-01
4.102682760468116530e-01
4.091612515608635814e-01
4.080586795950547074e-01
4.069605363669936415e-01
4.058667982526253382e-01
4.047774417849693274e-01
4.036924436528681603e-01
4.026117806997504545e-01
4.015354299224010437e-01
4.004633684697470053e-01
3.993955736416516800e-01
3.983320228877215707e-01
3.972726938061232338e-01
3.962175641424117156e-01
3.951666117883689266e-01
3.941198147808542829e-01
3.930771513006635076e-01
3.920385996714005894e-01
3.910041383583570673e-01
3.899737459674047502e-01
3.889474012438955963e-01
3.879250830715732512e-01
3.869067704714950207e-01
3.858924426009612829e-01
3.848820787524572240e-01
3.838756583526024002e-01
3.828731609611102371e-01
3.818745662697581866e-01
3.808798541013647676e-01
3.798890044087778750e-01
3.789019972738709163e-01
3.779188129065489954e-01
3.769394316437638670e-01
3.759638339485358860e-01
3.749920004089880576e-01
3.740239117373851396e-01
3.730595487691844570e-01
3.720988924620931559e-01
3.711419238951342292e-01
3.701886242677211447e-01
3.692389748987414677e-01
3.682929572256465889e-01
3.673505528035515000e-01
3.664117433043413419e-01
3.654765105157869454e-01
3.645448363406662562e-01
3.636167027958955300e-01
3.626920920116678548e-01
3.617709862305978907e-01
3.608533678068752137e-01
3.599392192054249318e-01
3.590285230010762940e-01
3.581212618777365742e-01
3.572174186275746677e-01
3.563169761502096300e-01
3.554199174519082627e-01
3.545262256447884175e-01
3.536358839460289061e-01
3.527488756770875700e-01
3.518651842629251236e-01
3.509847932312363805e-01
3.501076862116876964e-01
3.492338469351607966e-01
3.483632592330037636e-01
3.474959070362877989e-01
3.466317743750715885e-01
3.457708453776702218e-01
3.449131042699318250e-01
3.440585353745195807e-01
3.432071231102005737e-01
3.423588519911405226e-01
3.415137066262036170e-01
3.406716717182596832e-01
3.398327320634966231e-01
3.389968725507387370e-01
3.381640781607706536e-01
3.373343339656679207e-01
3.365076251281313713e-01
3.356839369008296492e-01
3.348632546257447884e-01
3.340455637335253414e-01
3.332308497428445038e-01
3.324190982597618471e-01
3.316102949770932118e-01
3.308044256737842082e-01
3.300014762142888247e-01
3.292014325479548087e-01
3.284042807084122662e-01
3.276100068129689236e-01
3.268185970620088310e-01
3.260300377383985593e-01
3.252443152068955623e-01
3.244614159135634224e-01
3.236813263851911482e-01
3.229040332287175241e-01
3.221295231306598450e-01
3.213577828565484240e-01
3.205887992503644868e-01
3.198225592339836165e-01
3.190590498066229186e-01
3.182982580442945131e-01
3.175401710992613036e-01
3.167847761994988520e-01
3.160320606481603067e-01
3.152820118230479363e-01
3.145346171760861620e-01
3.137898642328015297e-01
3.130477405918043465e-01
3.123082339242775896e-01
3.115713319734675357e-01
3.108370225541788323e-01
3.101052935522752296e-01
3.093761329241831448e-01
3.086495286963992779e-01
3.079254689650019472e-01
3.072039418951681422e-01
3.064849357206920755e-01
3.057684387435097850e-01
3.050544393332252913e-01
3.043429259266433595e-01
3.036338870273033175e-01
3.029273112050190342e-01
3.022231870954199540e-01
3.015215033994988469e-01
3.008222488831601704e-01
3.001254123767752580e-01
2.994309827747373975e-01
2.987389490350239596e-01
2.980493001787595242e-01
2.973620252897840044e-01
2.966771135142232674e-01
2.959945540600640301e-01
2.953143361967311420e-01
2.946364492546690306e-01
2.939608826249262008e-01
2.932876257587431201e-01
2.926166681671428238e-01
2.919479994205259055e-01
2.912816091482675063e-01
2.906174870383180786e-01
2.899556228368071475e-01
2.892960063476506249e-01
2.886386274321606216e-01
2.879834760086581458e-01
2.873305420520899101e-01
2.866798155936471360e-01
2.860312867203880227e-01
2.853849455748618813e-01
2.847407823547385419e-01
2.840987873124379282e-01
2.834589507547652376e-01
2.828212630425462337e-01
2.821857145902677000e-01
2.815522958657191710e-01
2.809209973896383272e-01
2.802918097353585547e-01
2.796647235284599464e-01
2.790397294464218581e-01
2.784168182182792384e-01
2.777959806242813467e-01
2.771772074955529130e-01
2.765604897137574070e-01
2.759458182107640267e-01
2.753331839683170745e-01
2.747225780177059984e-01
2.741139914394410404e-01
2.735074153629291072e-01
2.729028409661525822e-01
2.723002594753508587e-01
2.716996621647046473e-01
2.711010403560218385e-01
2.705043854184268626e-01
2.699096887680504375e-01
2.693169418677243687e-01
2.687261362266765152e-01
2.681372634002295863e-01
2.675503149895003263e-01
2.669652826411033075e-01
2.663821580468547778e-01
2.658009329434809498e-01
2.652215991123257899e-01
2.646441483790641924e-01
2.640685726134139877e-01
2.634948637288530016e-01
2.629230136823366704e-01
2.623530144740178760e-01
2.617848581469689462e-01
2.612185367869068187e-01
2.606540425219184831e-01
2.600913675221896426e-01
2.595305039997349850e-01
2.589714442081307855e-01
2.584141804422495081e-01
2.578587050379953505e-01
2.573050103720434523e-01
2.567530888615796592e-01
2.562029329640432840e-01
2.556545351768703123e-01
2.551078880372402158e-01
2.545629841218235434e-01
2.540198160465317878e-01
2.534783764662685845e-01
2.529386580746836866e-01
2.524006536039278270e-01
2.518643558244101355e-01
2.513297575445563870e-01
2.507968516105703594e-01
2.502656309061952467e-01
2.497360883524787911e-01
2.492082169075382769e-01
2.486820095663286601e-01
2.481574593604113921e-01
2.476345593577254645e-01
2.471133026623599238e-01
2.465936824143286910e-01
2.460756917893451579e-01
2.455593239986014198e-01
2.450445722885458422e-01
2.445314299406645409e-01
2.440198902712638063e-01
2.435099466312538041e-01
2.430015924059338583e-01
2.424948210147795935e-01
2.419896259112316594e-01
2.414860005824854550e-01
2.409839385492834052e-01
2.404834333657065726e-01
2.399844786189710699e-01
2.394870679292226412e-01
2.389911949493351839e-01
2.384968533647087163e-01
2.380040368930706751e-01
2.375127392842769913e-01
2.370229543201159972e-01
2.365346758141126937e-01
2.360478976113345173e-01
2.355626135881991601e-01
2.350788176522833339e-01
2.345965037421327559e-01
2.341156658270736601e-01
2.336362979070255030e-01
2.331583940123153342e-01
2.326819482034931386e-01
2.322069545711486771e-01
2.317334072357291885e-01
2.312613003473593110e-01
2.307906280856614478e-01
2.303213846595772163e-01
2.298535643071913936e-01
2.293871612955555306e-01
2.289221699205141736e-01
2.284585845065309762e-01
2.279963994065176136e-01
2.275356090016624200e-01
2.270762077012606905e-01
2.266181899425470936e-01
2.261615501905277492e-01
2.257062829378140567e-01
2.252523827044589644e-01
2.247998440377917129e-01
2.243486615122562700e-01
2.238988297292496266e-01
2.234503433169610920e-01
2.230031969302138373e-01
2.225573852503055505e-01
2.221129029848528669e-01
2.216697448676343274e-01
2.212279056584357251e-01
2.207873801428966720e-01
2.203481631323573053e-01
2.199102494637069638e-01
2.194736339992336416e-01
2.190383116264737473e-01
2.186042772580642501e-01
2.181715258315945205e-01
2.177400523094603080e-01
2.173098516787177192e-01
2.168809189509385282e-01
2.164532491620673460e-01
2.160268373722781521e-01
2.156016786658332407e-01
2.151777681509424722e-01
2.147551009596230243e-01
2.143336722475617240e-01
2.139134771939759927e-01
2.134945110014776493e-01
2.130767688959371298e-01
2.126602461263478738e-01
2.122449379646925427e-01
2.118308397058098480e-01
2.114179466672617691e-01
2.110062541892032961e-01
2.105957576342502025e-01
2.101864523873508139e-01
2.097783338556564459e-01
2.093713974683935608e-01
2.089656386767373142e-01
2.085610529536842950e-01
2.081576357939284028e-01
2.077553827137346987e-01
2.073542892508176694e-01
2.069543509642167156e-01
2.065555634341748048e-01
2.061579222620173735e-01
2.057614230700314240e-01
2.053660615013462309e-01
2.049718332198143256e-01
2.045787339098939506e-01
2.041867592765308770e-01
2.037959050450425524e-01
2.034061669610025269e-01
2.030175407901250173e-01
2.026300223181510263e-01
2.022436073507348220e-01
2.018582917133311394e-01
2.014740712510834919e-01
2.010909418287128714e-01
2.007088993304072810e-01
2.003279396597116013e-01
1.999480587394192044e-01
1.995692525114632077e-01
1.991915169368091432e-01
1.988148479953478487e-01
1.984392416857893027e-01
1.980646940255569310e-01
1.976912010506835515e-01
1.973187588157062633e-01
1.969473633935636958e-01
1.965770108754928691e-01
1.962076973709269145e-01
1.958394190073944330e-01
1.954721719304176597e-01
1.951059523034134324e-01
1.947407563075925219e-01
1.943765801418615713e-01
1.940134200227248418e-01
1.936512721841864293e-01
1.932901328776535088e-01
1.929299983718396616e-01
1.925708649526696736e-01
1.922127289231841119e-01
1.918555866034450663e-01
1.914994343304423918e-01
1.911442684579998941e-01
1.907900853566832089e-01
1.904368814137076260e-01
1.900846530328466621e-01
1.897333966343410228e-01
1.893831086548082299e-01
1.890337855471531658e-01
1.886854237804789503e-01
1.883380198399978722e-01
1.879915702269440159e-01
1.876460714584852196e-01
1.873015200676364234e-01
1.869579126031734595e-01
1.866152456295469553e-01
1.862735157267975117e-01
1.859327194904703551e-01
1.855928535315314598e-01
1.852539144762842538e-01
1.849158989662858799e-01
1.845788036582650393e-01
1.842426252240396689e-01
1.839073603504352838e-01
1.835730057392044590e-01
1.832395581069458101e-01
1.829070141850240860e-01
1.825753707194905096e-01
1.822446244710040630e-01
1.819147722147525792e-01
1.815858107403751920e-01
1.812577368518843157e-01
1.809305473675886788e-01
1.806042391200166630e-01
1.802788089558407802e-01
1.799542537358012895e-01
1.796305703346313676e-01
1.793077556409823636e-01
1.789858065573494139e-01
1.786647199999981395e-01
1.783444928988908440e-01
1.780251221976139608e-01
1.777066048533052778e-01
1.773889378365823555e-01
1.770721181314709736e-01
1.767561427353337433e-01
1.764410086587999971e-01
1.761267129256949560e-01
1.758132525729703688e-01
1.755006246506351231e-01
1.751888262216866332e-01
1.748778543620415349e-01
1.745677061604684055e-01
1.742583787185195965e-01
1.739498691504645367e-01
1.736421745832224250e-01
1.733352921562961169e-01
1.730292190217058157e-01
1.727239523439237645e-01
1.724194892998090478e-01
1.721158270785424771e-01
1.718129628815626142e-01
1.715108939225013507e-01
1.712096174271203475e-01
1.709091306332482241e-01
1.706094307907170537e-01
1.703105151613006074e-01
1.700123810186514040e-01
1.697150256482396757e-01
1.694184463472918067e-01
1.691226404247292980e-01
1.688276052011083161e-01
1.685333380085590194e-01
1.682398361907264384e-01
1.679470971027100246e-01
1.676551181110055300e-01
1.673638965934452771e-01
1.670734299391402888e-01
1.667837155484217515e-01
1.664947508327836723e-01
1.662065332148253693e-01
1.659190601281942956e-01
1.656323290175292784e-01
1.653463373384042312e-01
1.650610825572722817e-01
1.647765621514098444e-01
1.644927736088612480e-01
1.642097144283836407e-01
1.639273821193925340e-01
1.636457742019071238e-01
1.633648882064964170e-01
1.630847216742254413e-01
1.628052721566018157e-01
1.625265372155223209e-01
1.622485144232207466e-01
1.619712013622147118e-01
1.616945956252542338e-01
1.614186948152690759e-01
1.611434965453177326e-01
1.608689984385358596e-01
1.605951981280857865e-01
1.603220932571052804e-01
1.600496814786574185e-01
1.597779604556806843e-01
1.595069278609390351e-01
1.592365813769724137e-01
1.589669186960478986e-01
1.586979375201101605e-01
1.584296355607333340e-01
1.581620105390726949e-01
1.578950601858165048e-01
1.576287822411382433e-01
1.573631744546489519e-01
1.570982345853503825e-01
1.568339604015879241e-01
1.565703496810037787e-01
1.563074002104908600e-01
1.560451097861465242e-01
1.557834762132265238e-01
1.555224973060998495e-01
1.552621708882030993e-01
1.550024947919956819e-01
1.547434668589144913e-01
1.544850849393299974e-01
1.542273468925016155e-01
1.539702505865339632e-01
1.537137938983326735e-01
1.534579747135611238e-01
1.532027909265972487e-01
1.529482404404903240e-01
1.526943211669183897e-01
1.524410310261456458e-01
1.521883679469799855e-01
1.519363298667312512e-01
1.516849147311693513e-01
1.514341204944826547e-01
1.511839451192367179e-01
1.509343865763329851e-01
1.506854428449682926e-01
1.504371119125940404e-01
1.501893917748758356e-01
1.499422804356534966e-01
1.496957759069008354e-01
1.494498762086860222e-01
1.492045793691323674e-01
1.489598834243788805e-01
1.487157864185413569e-01
1.484722864036732426e-01
1.482293814397275533e-01
1.479870695945179893e-01
1.477453489436813816e-01
1.475042175706391956e-01
1.472636735665601437e-01
1.470237150303224660e-01
1.467843400684768207e-01
1.465455467952092028e-01
1.463073333323039737e-01
1.460696978091070020e-01
1.458326383624897749e-01
1.455961531368124562e-01
